55451
51869
10140
15
16750
13460
50106
58885
43581
11163
35679
17317
58700
61315
48475
48532
48915
61202
59509
6228
35854
1054
9043
36941
46847
48210
58819
56593
6278
49550
28319
61729
35884
38459
61745
52634
51920
46315
45983
29965
57479
16126
47282
50643
11906
30222
33640
60821
25888
27613
1513
61742
28667
10556
33147
9978
58766
26430
1035
65045
10444
29355
61238
46328
2278
57447
33427
54198
38227
13874
18628
30170
30001
374
15277
41907
30596
48917
37192
56484
10995
38706
52690
39662
49262
20301
49641
42493
46731
50676
42002
57176
14495
37704
37968
16774
29616
5859
5436
2307
19734
24064
32477
49735
24439
47754
26106
55035
31136
63298
45984
42131
36468
33138
16257
20195
53440
362
62688
34635
51039
39154
26275
65534
11322
64244
16772
40938
4567
22209
43245
24301
46273
10186
8500
5176
57941
34606
60212
23541
32369
40660
136
3301
8262
16393
23496
61702
16756
20648
30802
2259
59802
57077
2257
5589
55785
19030
46527
60353
41239
24237
19118
21976
34423
27619
27153
26828
62225
21829
50369
29058
62489
50505
32360
5215
1363
55856
1382
18119
10969
32184
20378
5235
23725
22635
10824
13975
41665
57352
8792
17368
16053
27910
39345
50476
55529
962
11769
52219
22791
62138
15741
19744
47108
48101
24959
48471
38422
26341
1054
49391
58525
21432
54626
16715
44067
65451
30690
20197
57267
39482
37565
7784
1856
11374
58260
57386
12336
4493
44069
35127
1096
59810
54871
48204
42376
14295
31139
15262
40636
32193
64653
33626
53625
53743
50341
32156
53658
15495
52353
45389
54977
24383
53173
56833
35757
45898
48683
48094
50391
27216
17685
51487
21491
7021
34155
63867
21316
65294
13593
61952
31951
12710
30042
20040
917
14847
52197
54576
30342
39014
34429
19783
63397
22067
11081
33619
2429
59764
16177
52820
21445
33862
38772
42936
40883
7391
41267
62199
7150
54860
58616
39101
2034
23122
59142
2951
37970
45803
57527
2776
19281
26421
22560
17143
48488
33641
50762
50917
27869
1403
38201
49314
35265
11437
26714
10613
18829
2445
7276
25979
57305
356
65080
59339
23479
58686
62291
61449
38953
54282
64225
58235
15167
21249
9842
63655
54890
60604
49036
17224
62007
21702
1002
31736
33139
27717
42349
51968
30162
49626
12411
21932
49982
11956
15735
7925
5106
12490
3838
44060
1237
2528
36759
16404
23777
46601
14524
13132
41669
63560
30356
38140
19726
31358
4340
52866
59075
46690
39298
23702
30780
51710
45634
15226
63666
61369
23152
3236
8324
26990
47296
9561
29518
18519
25965
53296
65120
40489
892
41253
38514
31248
13857
58240
62606
18198
45570
56146
64888
19333
14312
30132
5507
59946
45358
3637
55779
2974
6873
64103
29965
54170
8128
59483
7153
34094
47243
6738
9047
48135
47991
47561
13847
61849
40266
10918
14511
20300
1528
13863
39633
15840
43995
45140
10250
23817
48777
493
26792
55651
64597
56757
44285
7189
50704
51438
41283
32412
58176
50331
15011
40632
32356
28859
36945
7086
39777
51456
27387
41305
65319
1484
57145
43778
46625
1859
2059
29866
2352
28851
19981
1413
20072
64266
8603
5241
50169
49886
37653
42809
34681
52664
17905
1502
15987
54850
8588
55764
40770
35975
31533
40553
37460
23142
18795
18549
25001
20855
48415
27354
49706
2861
28767
4243
1591
37370
9484
51760
21721
47137
29034
56402
34265
46939
57904
50253
36254
957
40481
11488
36932
6479
52042
8856
29621
5301
27405
54623
26156
10285
16441
10327
13146
45208
14570
14737
17043
24054
962
38764
5655
29996
29630
39920
11399
21999
24637
47653
22956
65119
59142
59888
6062
45648
3209
35683
50949
30614
24770
11570
40899
41211
21897
54045
20884
36467
3247
37927
60521
4209
11155
640
34205
40785
40560
45604
62784
65198
27722
20204
64781
21328
14557
5307
1440
17766
40990
52389
48380
225
63959
23744
41436
20320
12253
62320
56787
15500
34711
51772
19709
45866
52412
53914
21116
27437
33983
18364
27099
61705
38569
26344
17497
53126
31651
18937
5356
7105
5790
53736
7330
4214
11944
48767
24534
24198
45551
15786
39698
14727
2022
59408
60593
54435
47786
16173
16336
16233
34538
43435
12402
7571
4243
29899
60697
35894
48836
517
42999
54627
54253
50330
58841
662
33561
17839
24860
13576
33625
64558
28303
35648
58430
23361
24547
40681
39534
40883
56914
8536
18782
3781
16107
23025
33680
11268
58919
16981
11785
36382
6072
503
21176
64913
1165
54737
17216
26025
2778
50842
25047
31081
20954
17942
54442
45501
58623
28441
20848
50001
36977
39630
53782
53085
62655
21927
64353
56038
38908
10603
26884
44980
11106
48061
44357
12271
37262
61573
38296
40040
46879
63343
5586
2297
15749
60028
47798
8836
22933
3110
58838
59911
42740
47084
47460
39859
3475
46277
30361
42383
56880
57246
21827
2450
39771
648
14721
11497
62222
53017
51538
43565
50825
57124
45863
1038
51616
28125
9875
9014
31236
3177
3389
8440
50261
50849
48300
53737
31590
13125
30584
22935
4835
52412
25385
44606
53060
40107
56104
49746
27588
42106
27776
12877
33694
8103
13916
19774
36228
23791
28788
1928
26968
32177
10369
11693
17490
58669
65430
49081
6258
30479
6480
11094
17355
31865
55700
4879
6436
46268
54626
34025
22838
16866
46902
56532
24969
60818
10771
61197
19073
39559
63126
46041
6201
7959
57735
23691
1092
57629
7236
7350
22572
13716
18444
39927
45582
8609
44807
52018
54877
33897
20507
12180
50763
1874
3176
10196
62692
13947
5857
16230
53507
3447
62271
59708
11406
54470
17863
12498
46564
25100
19849
3600
38816
38293
43528
18862
46902
22799
5345
36244
56696
25852
48424
41923
27726
51600
52119
24883
12
57976
41113
53519
61424
37848
47691
7294
26783
18
19793
7811
25118
39642
11411
63935
12399
54939
17261
59302
12202
22606
30010
3362
48459
12898
45285
10649
64498
31868
35532
64510
24309
11109
52493
20197
48958
34648
27491
10205
34667
47284
18016
59785
21390
29427
58184
33790
18831
9910
27556
31033
32516
57566
34396
15439
4928
14145
26089
3890
46014
61621
2865
4787
7195
55358
24984
56153
24471
52475
822
59138
34224
18838
53387
55614
48265
46036
23868
1560
55946
51424
32594
22926
43454
1454
38366
48382
15599
64455
52273
61613
60540
55138
864
2199
44960
25848
